-1.254599 -0.163455
4.507143 4.203942
2.319939 7.607828
0.986585 3.254423
-3.439814 -6.490099
-3.440055 -2.067146
-4.419164 -4.742737
3.661761 6.366628
1.011150 0.426109
2.080726 2.851253
-4.794155 -2.784180
4.699099 7.430609
3.324426 1.923834
-2.876609 -2.545611
-3.181750 -3.131641
-3.165955 -3.472613
-1.957578 2.573331
0.247564 2.057528
-0.680550 -2.202318
-2.087709 0.748015
1.118529 6.362841
-3.605061 -0.540131
-2.078554 -4.117293
-1.336382 -1.304850
-0.439300 3.094522
2.851760 2.436421
-3.003262 -1.115623
0.142344 2.691612
0.924146 0.070285
-4.535496 -3.654547
1.075449 -4.407086
-3.294759 -4.343534
-4.349484 -3.854620
4.488855 2.993289
4.656320 8.921143
3.083973 1.223691
-1.953862 -1.833951
-4.023279 -2.761798
1.842330 5.724877
-0.598475 -2.470199
-3.779618 -0.453290
-0.048231 0.972235
-4.656115 -5.619132
4.093204 6.017411
-2.412200 -1.014081
1.625223 1.424789
-1.882889 -0.743285
0.200680 0.430053
0.467103 1.694137
-3.151455 -0.827194
4.695846 8.867880
2.751328 1.275697
4.394989 9.661056
3.948274 1.044098
0.979000 1.675430
4.218742 6.395377
-4.115075 -2.553091
-3.040171 -3.285570
-4.547727 -3.963972
-1.746697 -1.732699
-1.113227 -1.291957
-2.286510 0.412695
3.287375 5.001406
-1.432467 -1.818286
-2.190655 0.608545
0.426961 2.041560
-3.590758 -0.965034
3.021970 5.281227
-4.254494 -4.912484
4.868869 4.748507
2.722448 5.217035
-3.012843 -0.792103
-4.944779 -3.986582
3.154614 4.389269
2.068573 5.623903
2.290072 2.106929
2.712703 4.806898
-4.259553 -3.663939
-1.415343 -0.850705
-3.841309 -0.643756
3.631034 6.281867
1.232981 3.860001
-1.691020 1.919938
-4.364416 -3.322409
-1.890177 0.473729
-1.748167 -1.368700
2.296062 3.944394
1.375575 2.115289
3.872127 5.066119
-0.277851 1.912463
-3.804058 -4.440499
2.132448 7.317222
2.607850 1.595816
0.612772 -0.815605
2.709672 6.025894
-0.062044 2.521281
0.227328 2.475568
-0.724590 1.532101
-4.745809 -3.770302
-3.921086 -4.715594
-4.685708 -3.534099
1.364104 1.009781
-1.856440 1.093799
0.085707 0.791592
4.075665 3.424670
-2.507078 -2.149849
-0.896171 0.929692
2.555511 2.428062
-2.712018 -3.356459
-4.230201 -2.742826
-2.102485 -0.612552
-3.387787 -3.401673
4.296977 4.354900
3.081204 4.545304
1.334038 -0.562131
3.714606 1.899678
3.036721 2.599832
-3.134299 -2.561194
3.925590 5.547405
0.393422 4.344135
3.074402 5.789721
3.960913 4.641036
-1.819965 -0.857998
-3.899481 -4.904539
-2.720648 -1.757675
-0.728922 -0.306239
3.180148 4.825585
3.607306 2.952844
-4.930479 -2.891786
0.107473 4.172951
-0.825890 -0.043410
-2.778922 -0.975498
-3.801346 -1.421058
-1.623848 -1.426289
4.429097 5.877282
-1.767971 -0.742786
0.187906 1.383258
2.030190 1.484170
-1.363704 -0.314684
4.717821 6.713817
4.624473 8.526760
-2.482177 0.436365
-0.027515 5.278850
-1.991217 -2.525912
-2.151595 0.593046
-4.631131 -3.264447
1.095643 6.475249
0.026790 -0.589806
-4.485212 -5.164656
-2.213535 -2.412321
4.082659 0.834867
-2.604381 -2.655891
-3.551051 -4.069317
-0.105472 1.195315
4.856505 6.540016
-2.579447 2.172894
1.721355 4.622203
2.616196 2.462389
-2.623625 -3.420454
2.282163 4.266002
-1.322169 -2.962635
1.323058 5.985976
1.335297 4.694177
0.357747 0.419396
-4.097102 -6.523371
3.353025 7.060770
-1.792199 -1.021279
-3.134815 0.340818
-4.592249 -6.781104
0.908929 0.710179
1.775644 2.786131
-4.834122 -3.740161
0.120931 0.220800
-2.735042 -0.489342
1.451728 0.316487
-3.256336 -2.541095
1.909377 3.149969
-1.132647 0.896231
4.367300 6.790530
-3.624791 -4.874075
-1.589336 -3.657565
-3.865265 -0.309911
4.246936 5.911564
3.773394 3.276420
-2.420584 1.681720
1.599840 2.831190
3.172222 6.530816
0.552008 1.687045
0.296506 5.418002
-2.581477 1.929205
-4.068972 -3.566901
3.972158 6.915299
4.004181 6.294932
1.331015 5.068278
-1.609702 -2.539549
-1.507904 0.864199
2.259557 5.376406
3.971103 1.453624
3.870864 2.504347
2.798755 -0.279709
1.420316 1.881503
-4.158600 -1.723516
-3.383713 0.621001
3.985542 5.133731
1.064291 5.321522
-4.908029 -6.668232
-3.985285 -6.392049
1.635018 2.523922
-4.949384 -3.181253
-3.391919 -2.457309
0.487338 -2.647546
1.918952 2.740712
1.519613 -0.089326
-2.757307 -0.417962
2.121792 3.854989
-2.627509 -3.507269
-1.746003 -1.773737
2.464914 1.346487
1.496329 2.370971
3.492234 6.402519
1.576129 0.604677
0.683086 2.691179
-4.063252 -4.123768
-1.322842 -1.908588
-2.347976 -1.562037
-2.560104 -3.630588
4.730106 4.622807
-1.069023 -2.464779
3.920466 8.849916
1.311386 2.381913
2.948113 2.548662
0.026371 1.454331
0.769039 1.544383
-0.074823 0.483238
-3.047570 -0.819237
2.224521 4.739537
-2.192276 -2.253279
-4.756840 -4.908477
1.454723 1.904620
-3.228893 -6.832736
4.404586 2.374204
4.539286 8.273034
4.148644 8.438579
-1.298413 -0.796485
-4.845434 -2.692320
4.283186 5.905686
-0.718159 6.439603
4.666548 7.905698
4.636200 5.380365
3.530095 2.619014
-2.055511 -4.268404
-1.149023 0.257905
3.511367 2.998665
-1.830780 -3.675287
-3.305073 -3.598218
0.568013 -0.595083
4.361548 8.735831
1.960298 4.723577
0.700612 1.684666
-4.028235 -0.068347
1.150072 2.304809
4.900539 4.177970
-3.599160 0.447088
0.183297 2.261117
3.773731 2.699238
2.407686 3.027009
1.970157 1.218921
2.024841 0.259241
-1.405088 1.447267
-2.064082 2.754752
3.093612 1.296476
3.101134 5.227072
3.670723 3.369438
4.132406 4.158155
0.113424 -0.071364
0.015163 -0.712819
2.982952 4.079995
1.499639 0.837739
2.019669 3.560582
2.957927 3.857450
3.900053 4.422157
-1.620048 -2.435176
-1.244170 -1.397713
-4.060181 -1.549398
0.782801 2.784636
-4.640577 -5.595688
-0.344020 0.854645
0.426446 2.929221
-2.134587 -4.473398
0.908333 2.995053
-4.694998 -5.020245
-4.626518 -2.485321
3.226006 2.699487
-1.398094 -4.007858
-3.729395 -5.984480
0.222433 1.318602
2.699936 4.219381
-2.841790 -3.650423
1.228905 3.506090
-4.146525 -6.469565
